local library = loadstring(game:HttpGet("https://raw.githubusercontent.com/iblameaabis/Ililililililililililililil/refs/heads/main/W%20UI", true))()

local window = library:AddWindow("Enchanted Hub | Ninja", {
    main_color = Color3.fromRGB(1, 2, 3),
    min_size = Vector2.new(655, 650),
    can_resize = false,
})
local Main = window:AddTab("Main")
local folder1 = Main:AddFolder("Time Of Day")

folder1:AddButton("Day Time", function()
    game.Lighting.TimeOfDay = "12:00:00"
end)

folder1:AddButton("Night Time", function()
    game.Lighting.TimeOfDay = "00:00:00"
end)

folder1:AddButton("Dawn", function()
    game.Lighting.TimeOfDay = "09:00:00"
end)

local folder2 = Main:AddFolder("Performance")

folder2:AddButton("Less Lag", function()
    for _, v in pairs(game:GetDescendants()) do
        if v:IsA("ParticleEmitter") or v:IsA("Trail") or v:IsA("Smoke") or v:IsA("Fire") or v:IsA("Sparkles") then
            v.Enabled = false
        end
    end
    local lighting = game:GetService("Lighting")
    lighting.GlobalShadows = false
    lighting.FogEnd = 9e9
    for _, v in pairs(workspace:GetDescendants()) do
        if v:IsA("BasePart") and not v.Parent:FindFirstChild("Humanoid") then
            v.Material = Enum.Material.SmoothPlastic
            if v:IsA("Texture") then
                v:Destroy()
            end
        end
    end
    settings().Rendering.QualityLevel = 1
end)

folder2:AddButton("FPS", function()
    RemoveLag()
    if cleanupLoop then
        task.cancel(cleanupLoop)
        cleanupLoop = nil
    end
    cleanupLoop = task.spawn(function()
        while true do
            wait(50)
            RemoveLag()
        end
    end)
end)

folder2:AddSwitch("Hide Frames", function(Value)
    hideframes = Value
    if hideframes then
        local rSto = game:GetService("ReplicatedStorage")
        for _, obj in pairs(rSto:GetChildren()) do
            if obj.Name:match("Frame$") then
                obj.Visible = not Value
            end
        end
    end
    if hideallframes then
        task.cancel(hideallframes)
    end
end)

local AutoFarm = window:AddTab("Auto Farm")
local folder3 = AutoFarm:AddFolder("Auto Farm")

folder3:AddSwitch("Auto Swing", function(state)
    _G.swing = state
    if _G.swing then
        while _G.swing do
            wait()
            local args = { [1] = "swingKatana" }
            game:GetService("Players").LocalPlayer.ninjaEvent:FireServer(unpack(args))
        end
    end
end)

folder3:AddSwitch("Auto Farm Chi", function(state)  
    _G.c = state
    if _G.c then
        while _G.c do
            wait()
            for _, v in pairs(game.Workspace.spawnedCoins.Valley:GetChildren()) do
                if v.Name == "Blue Chi Crate" then
                    game.Players.LocalPlayer.Character.HumanoidRootPart.CFrame = CFrame.new(v.Position)
                    wait(0.3)
                end
            end
        end
    end
end)

folder3:AddSwitch("Auto Farm Coins", function(state)  
    _G.co = state
    if _G.co then
        while _G.co do
            wait()
            for _, v in pairs(game.Workspace.spawnedCoins.Valley:GetChildren()) do
                if v.Name == "Purple Coin Crate" then
                    game.Players.LocalPlayer.Character.HumanoidRootPart.CFrame = CFrame.new(v.Position)
                    wait(0.3)
                end
            end
        end
    end
end)    

folder3:AddSwitch("Auto Buy Hoops", function(state)
    _G.hoops = state
    if _G.hoops then
        while _G.hoops do
            wait()
            local plr = game.Players.LocalPlayer
            for _, v in pairs(workspace.Hoops:GetDescendants()) do
                if v.ClassName == "MeshPart" and v:FindFirstChild("touchPart") then
                    v.touchPart.CFrame = plr.Character.HumanoidRootPart.CFrame
                end
            end
        end
    end
end)    

folder3:AddSwitch("Auto Sell", function(state)
    _G.sell = state
    if _G.sell then
        while _G.sell do
            wait()
            game.workspace.sellAreaCircles["sellAreaCircle15"].circleInner.CFrame = game.Players.LocalPlayer.Character.HumanoidRootPart.CFrame
            wait()
            game.workspace.sellAreaCircles["sellAreaCircle15"].circleInner.CFrame = game.Workspace.Part.CFrame
        end
    end
end)

folder3:AddSwitch("Auto Sell When Full", function(state)
    _G.sell = state
    if _G.sell then
        while _G.sell do
            wait()
            if game.Players.LocalPlayer.PlayerGui.gameGui.maxNinjitsuMenu.Visible then
                game.workspace.sellAreaCircles["sellAreaCircle15"].circleInner.CFrame = game.Players.LocalPlayer.Character.HumanoidRootPart.CFrame
                wait()
                game.workspace.sellAreaCircles["sellAreaCircle15"].circleInner.CFrame = game.Workspace.Part.CFrame
            end
        end
    end
end)

local folder4 = AutoFarm:AddFolder("Auto Buy") 

folder4:AddSwitch("Auto Buy Swords", function(state)
    _G.sw = state
    if _G.sw then
        while _G.sw do
            wait()
            local args = {
                [1] = "buyAllSwords",
                [2] = "Blazing Vortex Island"
            }
            game:GetService("Players").LocalPlayer.ninjaEvent:FireServer(unpack(args))
        end
    end
end)

folder4:AddSwitch("Auto Buy Belts", function(state)
    _G.sw = state
    if _G.sw then
        while _G.sw do
            wait()
            local args = {
                [1] = "buyAllBelts",
                [2] = "Blazing Vortex Island"
            }
            game:GetService("Players").LocalPlayer.ninjaEvent:FireServer(unpack(args))
        end
    end
end)

folder4:AddSwitch("Auto Buy Skills", function(state)  
    _G.sk = state
    if _G.sk then
        while _G.sk do
            wait()
            local args = {
                [1] = "buyAllSkills",
                [2] = "Blazing Vortex Island"
            }
            game:GetService("Players").LocalPlayer.ninjaEvent:FireServer(unpack(args))
        end
    end
end)

folder4:AddSwitch("Auto Buy Ranks", function(state) 
    _G.r = state
    if _G.r then
        while _G.r do
            wait()
            local oh1 = "buyRank"
            local oh2 = game:GetService("ReplicatedStorage").Ranks.Ground:GetChildren()
            for i = 1, #oh2 do
                game:GetService("Players").LocalPlayer.ninjaEvent:FireServer(oh1, oh2[i].Name)
            end
        end
    end
end)

folder4:AddSwitch("Auto Buy Shurikens", function(state)
    _G.sh = state
    if _G.sh then
        while _G.sh do
            wait()
            local args = {
                [1] = "buyAllShurikens",
                [2] = "Blazing Vortex Island"
            }
            game:GetService("Players").LocalPlayer.ninjaEvent:FireServer(unpack(args))
        end
    end
end)

local Misc = window:AddTab("Misc") 
local folder5 = Misc:AddFolder("Settings V2")  

folder5:AddButton("Disable Trading", function()
 local args = { [1] = "disableTrading" }
    game:GetService("ReplicatedStorage").rEvents.tradingEvent:FireServer(unpack(args))
end)

folder5:AddButton("Enable Trading", function()
local args = { [1] = "enableTrading" }
    game:GetService("ReplicatedStorage").rEvents.tradingEvent:FireServer(unpack(args))
end)

local Pets = window:AddTab("Pets")
local folder6 = Pets:AddFolder("Auto Equip")

local petTypes = {
    ["Twin Element Birdies"] = "Equip all TEB",
    ["Ultra Doom Colossus"] = "Equip all UDC",
    ["Inner Peace Legion"] = "Equip all IPL",
    ["GLITCH: Awakened Nighthunter"] = "Equip all GAN",
    ["Void Omega Pegasus"] = "Equip all VOP"
}

for petName, buttonTitle in pairs(petTypes) do
folder6:AddButton(buttonTitle, function()
    unequipAllPets()
    for _, pet in pairs(game:GetService("Players").LocalPlayer.petsFolder.Unique:GetChildren()) do
        if pet.Name == petName then
            game:GetService("ReplicatedStorage").rEvents.equipPetEvent:FireServer("equipPet", pet)
        end
    end
end)
end

folder6:AddSwitch("Auto Evolve Pets", function(Value)
    autoevolvepets = Value
    if autoevolvepets then
        _G.ePet = true
        wait()
        while _G.ePet do
            wait()
            for _, v in pairs(game:GetService("Players").LocalPlayer.petsFolder:GetChildren()) do
                for _, x in pairs(v:GetChildren()) do
                    local oh1 = "evolvePet"
                    local oh2 = x.Name
                    game:GetService("ReplicatedStorage").rEvents.petEvolveEvent:FireServer(oh1, oh2)
                end
            end
        end
    end
end)

local Elements = window:AddTab("Elements")
local folder7 = Elements:AddFolder("Buy elements")

local elementTypes = {
    ["Frost"] = "Buy Frost",
    ["Inferno"] = "Buy Inferno",
    ["Lightning"] = "Buy Lightning",
    ["Electral Chaos"] = "Buy Electral Chaos",
    ["Masterful Wrath"] = "Buy Masterful Wrath",
    ["Shadow Charge"] = "Buy Shadow Charge",
    ["Shadowfire"] = "Buy Shadowfire",
    ["Eternity Storm"] = "Buy Eternity Storm",
    ["Blazing Entity"] = "Buy Blazing Entity"
}

for elementName, buttonTitle in pairs(elementTypes) do
    folder7:AddButton(buttonTitle, function()
        for _, element in ipairs(elements) do
            game.ReplicatedStorage.rEvents.elementMasteryEvent:FireServer(element)
        end
    end)
end

local MiscV3 = window:AddTab("Misc V3")
local folder8 = MiscV3:AddFolder("Misc V3")

folder8:AddSwitch("Invisibility", function(state)
    invisibility = state
    if invisibility then
        _G.invis = true
        wait()
        while _G.invis do
            wait()
            local A_1 = "goInvisible"
            local Event = game.Players.LocalPlayer.ninjaEvent
            Event:FireServer(A_1)
        end
        if not invisibility then
            task.cancel(_G.invis)
        end
    end
end)

folder8:AddSwitch("Infinite Jump", function(state)
    infinitejump = state
    if infinitejump then
        _G.iJumps = true
        local InfiniteJumpEnabled = true
        game:GetService("UserInputService").JumpRequest:Connect(function()
            if InfiniteJumpEnabled then
                game:GetService("Players").LocalPlayer.Character:FindFirstChildOfClass'Humanoid':ChangeState("Jumping")
            end
        end)
        if not infinitejump then
            task.cancel(_G.iJumps)
        end
    end
end)

folder8:AddButton("Rejoin", function()
    local ts = game:GetService("TeleportService")
    local p = game:GetService("Players").LocalPlayer
    ts:Teleport(game.PlaceId, p)
end)

folder8:AddButton("Unlock All Islands", function()
    local player = game.Players.LocalPlayer
    local positions = {
        CFrame.new(80, 766, -188),
        CFrame.new(-128, 39439, 173),
        CFrame.new(183, 46010, 36),
        CFrame.new(188, 59594, 24),
        CFrame.new(166, 52607, 34),
        CFrame.new(180, 33206, 28),
        CFrame.new(80, 766, -118),
        CFrame.new(233, 2013, 331),
        CFrame.new(165, 4047, 51),
        CFrame.new(186, 5656, 76),
        CFrame.new(189, 9284, 31),
        CFrame.new(135, 17686, 61),
        CFrame.new(171, 28255, 39),
        CFrame.new(139, 13680, 74),
        CFrame.new(108, 24069, 84),
        CFrame.new(175, 39317, 25),
        CFrame.new(226, 66669, 15),
        CFrame.new(197, 70271, 7),
        CFrame.new(140.093933, 74479.0938, 66.5151367, 0.939700544, 0, -0.341998369, 0, -1.00000048, -0, -0.341998369, 0, -0.939700961),
        CFrame.new(140.093933, 87087.3125, 66.5151367, 0.939700544, 0, -0.341998369, 0, -1.00000048, -0, -0.341998369, 0, -0.939700961),
        CFrame.new(140.093933, 83235.2266, 66.5151367, 0.939700544, 0, -0.341998369, 0, -1.00000048, -0, -0.341998369, 0, -0.939700961),
        CFrame.new(140.093933, 91282.3125, 66.5151367, 0.939700544, 0, -0.341998369, 0, -1.00000048, -0, -0.341998369, 0, -0.939700961),
    }
    for _, cframe in ipairs(positions) do
        player.Character.HumanoidRootPart.CFrame = cframe
        wait(0.1)
    end
end)

local Meditate = window:AddTab("Meditate")
local folder9 = Meditate:AddFolder("Meditate")

folder9:AddSwitch("Auto Train All Zones", function(state)
  ATMW = state
  if ATMW then
    local player = game.Players.LocalPlayer
    local positions = {
      CFrame.new(323.886536, 8830.5625, 86.6897125, 0.913021803, -1.71907928e-08, -0.407910764, 3.03308703e-08, 1, 2.57457131e-08, 0.407910764, -3.58786849e-08, 0.913021803),
      CFrame.new(-149.893921, 12958.5273, 244.160095, 0.687048197, -1.95576577e-09, 0.726611853, -3.5282568e-08, 1, 3.60530734e-08, -0.726611853, -5.0406932e-08, 0.687048197),
      CFrame.new(328.426178, 16872.0977, -10.9853659, -0.463079929, -9.71666623e-08, 0.886316538, -1.50905244e-08, 1, 1.01745307e-07, -0.886316538, 3.37412267e-08, -0.463079929),
      CFrame.new(320.739563, 30383.0996, -12.8224678, -0.664686263, -6.87606638e-09, 0.747122586, 1.51589763e-08, 1, 2.26897576e-08, -0.747122586, 2.6407184e-08, -0.664686263)
    }
    for _, cframe in ipairs(positions) do
      player.Character.HumanoidRootPart.CFrame = cframe
      task.wait(0.1)
    end
  end
end)

folder9:AddSwitch("Mystical Midnight Waters", function(state)
    MMW = state
    if MMW then
        game.Players.LocalPlayer.HumanoidRootPart.CFrame = CFrame.new(323.886536, 8830.5625, 86.6897125, 0.913021803, -1.71907928e-08, -0.407910764, 3.03308703e-08, 1, 2.57457131e-08, 0.407910764, -3.58786849e-08, 0.913021803)
    else
        game.Players.LocalPlayer.HumanoidRootPart.CFrame = CFrame.new(-15.7757254, 63.514267, 31.1953373, -0.263172954, -8.51272048e-08, -0.964748681, 7.2572945e-08, 1, -1.08034811e-07, 0.964748681, -9.84464918e-08, -0.263172954)
    end
end)
